function [alphabet,targets] = prpronum()

espace =  [0 0 0 0 0 ...
           0 0 0 0 0 ...
           0 0 0 0 0 ...
           0 0 0 0 0 ...
           0 0 0 0 0 ...
           0 0 0 0 0 ...
           0 0 0 0 0 ]';

letter0 =  [1 1 1 1 1 ...
            1 0 0 0 1 ...
            1 0 0 0 1 ...
            1 0 0 0 1 ...
            1 0 0 0 1 ...
            1 0 0 0 1 ...
            1 1 1 1 1 ]';

letter1 =  [0 0 1 0 0 ...
            0 1 1 0 0 ...
            1 0 1 0 0 ...
            0 0 1 0 0 ...
            0 0 1 0 0 ...
            0 0 1 0 0 ...
            0 1 1 1 0 ]';

letter2 =  [1 1 1 1 1 ...
            0 0 0 0 1 ...
            0 0 0 0 1 ...
            1 1 1 1 1 ...
            1 0 0 0 0 ...
            1 0 0 0 0 ...
            1 1 1 1 1 ]';

letter3 =  [1 1 1 1 1 ...
            0 0 0 0 1 ...
            0 0 0 0 1 ...
            1 1 1 1 1 ...
            0 0 0 0 1 ...
            0 0 0 0 1 ...
            1 1 1 1 1 ]';

letter4 =  [0 0 1 1 0 ...
            0 1 0 1 0 ...
            1 0 0 1 0 ...
            1 1 1 1 1 ...
            0 0 0 1 0 ...
            0 0 0 1 0 ...
            0 0 0 1 0 ]';

letter5 =  [1 1 1 1 1 ...
            1 0 0 0 0 ...
            1 0 0 0 0 ...
            1 1 1 1 1 ...
            0 0 0 0 1 ...
            0 0 0 0 1 ...
            1 1 1 1 1 ]';

letter6 =  [1 1 1 1 1 ...
            1 0 0 0 0 ...
            1 0 0 0 0 ...
            1 1 1 1 1 ...
            1 0 0 0 1 ...
            1 0 0 0 1 ...
            1 1 1 1 1 ]';

letter7 =  [1 1 1 1 1 ...
            0 0 0 0 1 ...
            0 0 0 1 0 ...
            0 0 1 0 0 ...
            0 0 1 0 0 ...
            0 0 1 0 0 ...
            0 0 1 0 0 ]';

letter8 =  [1 1 1 1 1 ...
            1 0 0 0 1 ...
            1 0 0 0 1 ...
            1 1 1 1 1 ...
            1 0 0 0 1 ...
            1 0 0 0 1 ...
            1 1 1 1 1 ]';

letter9 =  [1 1 1 1 1 ...
            1 0 0 0 1 ...
            1 0 0 0 1 ...
            1 1 1 1 1 ...
            0 0 0 0 1 ...
            0 0 0 0 1 ...
            1 1 1 1 1 ]';
        
letter18 =  [0 0 1 0 0 1 1 1 1 ...
             0 1 1 0 0 1 0 0 1 ...
             1 0 1 0 0 1 0 0 1 ...
             0 0 1 0 0 1 1 1 1 ...
             0 0 1 0 0 1 0 0 1 ...
             0 0 1 0 0 1 0 0 1 ...
             0 1 1 1 0 1 1 1 1 ]';

letter28 =  [1 1 1 1 0 1 1 1 1 ...
             0 0 0 1 0 1 0 0 1 ...
             0 0 0 1 0 1 0 0 1 ...
             1 1 1 1 0 1 1 1 1 ...
             1 0 0 0 0 1 0 0 1 ...
             1 0 0 0 0 1 0 0 1 ...
             1 1 1 1 0 1 1 1 1 ]';

letter38 =  [1 1 1 1 0 1 1 1 1 ...
             0 0 0 1 0 1 0 0 1 ...
             0 0 0 1 0 1 0 0 1 ...
             1 1 1 1 0 1 1 1 1 ...
             0 0 0 1 0 1 0 0 1 ...
             0 0 0 1 0 1 0 0 1 ...
             1 1 1 1 0 1 1 1 1 ]';

letter48 =  [0 0 1 0 0 1 1 1 1 ...
             0 1 1 0 0 1 0 0 1 ...
             1 0 1 0 0 1 0 0 1 ...
             1 1 1 1 0 1 1 1 1 ...
             0 0 1 0 0 1 0 0 1 ...
             0 0 1 0 0 1 0 0 1 ...
             0 0 1 0 0 1 1 1 1 ]';
         
letter58 =  [1 1 1 1 0 1 1 1 1 ...
             1 0 0 0 0 1 0 0 1 ...
             1 0 0 0 0 1 0 0 1 ...
             1 1 1 1 0 1 1 1 1 ...
             0 0 0 1 0 1 0 0 1 ...
             0 0 0 1 0 1 0 0 1 ...
             1 1 1 1 0 1 1 1 1 ]';

alphabet = [letter0,letter1,letter2,letter3,letter4,letter5,letter6,letter7,letter8,letter9];
targets = eye(10);

%for i=3:7
%figure,subplot(1,2,1),plotchar(alphabet(:,i)),subplot(1,2,2),plotchar(alphabet(:,10));
%end

%alphabet = [letter18,letter28,letter38,letter48,letter58];
%targets = eye(5);

%number = [letter0,letter1,letter2,letter3,letter4,letter5,letter6,letter7,letter8,letter9];

% alphabet0 = [horzcat(letter1,letter8),horzcat(letter2,letter8)];
% noisy = horzcat(letter8,letter1);
%for i=1:5
%  figure,plotcharmod(alphabet(:,i));
%end